1	50
1	300
1	540
3	10
4	100
5	100
6	1000
7	800
8	15
0	T-1	T-321_S-1	804	1400	1	350
1	T-1	T-229_L-4	1150	1200	1	1140
2	T-2	U-3_L-2		1300	1200	1	1280
3	T-2	J-7_L-1		655	1200	1	640
4	T-2	K-11_L-0	1360	1200	1	1340
5	T-2	W-418_L-1	405	1200	1	390
6	T-6	U-11_L-1	560	1200	1	430
7	T-6	U-15_L-1	612	1200	1	600
8	T-6	T-229_L-5	663	1200	1	10	
9	T-6	T-243_Z-1	590	1200	1	570
10	T-7	T-149_L-1	1050	1200	1	800		
11	T-7	H-21_L-3	1583	1200	1	1500
12	T-7	H-21_L-4	1930	1200	2	10	1880
13	T-7	H-21_L-4	1930	1200	2	10	1880
14	T-7	W-149_L-1	200	1200	1	100
15	T-7	W-150_L-1	1710	1200	2	550	1690
16	T-7	W-150_L-1	1710	1200	2	550	1690
17	T-7	W-150_L-2	1277	1200	1	1200
18	T-7	W-159_L-2	2220	1200	1	1920
19	T-10	W-145_Z-1	1030	1000	1	1010
20	T-10	W-145_Z-3	1220	1000	1	1200
21	T-10	W-145_Z-0	980	1000	1	960
22	T-10	W-145_Z-4	1219	1000	1	1200
23	T-10	U-24_L-3	1150	1200	1	1000
24	T-10	U-24_L-4	480	1200	1	250
25	T-10	W-146_Z-1	390	1000	1	370
26	T-11	U-7_L-1		722	1200	1	700
27	T-11	U-7_L-3		1545	1200	1	1400
28	T-11	W-343_Z-1	200	1000	1	100
29	T-11	W-243_L-1	210	1200	1	100
30	T-11	T-249_L-1	1500	1200	1	1420
31	T-12	T-249_L-2	1170	1200	1	20
32	T-12	N-3_L-3		1690	1200	1	1580
33	T-12	N-4_L-1		1545	1200	1	1400
34	T-12	W-159_Z-1	370	1000	1	200
35	T-12	W-269_L-1	860	1200	1	800
36	ZG_Pol	T-128_L-1	1440	1200	1	450

sprawdzone ok :)