7
7
5
5
27
27
18
9
18
37
36
9
800
3
333
16
10
252
346
235
135
156
323
356
367
324
136
125
265
256
45
577
366
25
255
256
266
267
267
68
48
388
789
923
923
767
36
189
378
789
356
789
157
167
545
745
734
778
589
305
355
355
566
577
389
100
322
333
744
955
966
577
588
388
199
399
345
455
21
32
39
39
41
39
30
19
5
14
73
207
360
500
633
653
626
576
541
514
484
469
-4.31602e+008
-4.31602e+008
-4.31602e+008
-4.31602e+008
-4.31602e+008
-4.31602e+008
-4.31602e+008
-4.31602e+008
-4.31602e+008
-4.31602e+008
-4.31602e+008
-4.31602e+008
-4.31602e+008
-4.31602e+008
-4.31602e+008
-4.31602e+008
-4.31602e+008
-4.31602e+008
-4.31602e+008
-4.31602e+008
-4.31602e+008
-4.31602e+008
-4.31602e+008
-4.31602e+008
-4.31602e+008
-4.31602e+008
-4.31602e+008
-4.31602e+008
-4.31602e+008
-4.31602e+008
-4.31602e+008
-4.31602e+008
-4.31602e+008
-4.31602e+008
-4.31602e+008
-4.31602e+008
-4.31602e+008
-4.31602e+008
-4.31602e+008
-4.31602e+008
-4.31602e+008
-4.31602e+008
-4.31602e+008
-4.31602e+008
-4.31602e+008
-4.31602e+008
-4.31602e+008
-4.31602e+008
-4.31602e+008
-4.31602e+008
-4.31602e+008
-4.31602e+008
-4.31602e+008
-4.31602e+008
-4.31602e+008
-4.31602e+008
-4.31602e+008
-4.31602e+008
-4.31602e+008
-4.31602e+008
-4.31602e+008
-4.31602e+008
-4.31602e+008
-4.31602e+008
-4.31602e+008
-4.31602e+008
-4.31602e+008
-4.31602e+008
-4.31602e+008
-4.31602e+008
-4.31602e+008
-4.31602e+008
-4.31602e+008
-4.31602e+008
-4.31602e+008
-4.31602e+008
-4.31602e+008
-4.31602e+008
-4.31602e+008
-4.31602e+008
-4.31602e+008
-4.31602e+008
-4.31602e+008
-4.31602e+008
-4.31602e+008
-4.31602e+008
-4.31602e+008
-4.31602e+008
-4.31602e+008
-4.31602e+008
-4.31602e+008
-4.31602e+008
-4.31602e+008
-4.31602e+008
-4.31602e+008
-4.31602e+008
-4.31602e+008
-4.31602e+008
-4.31602e+008
-4.31602e+008
-4.31602e+008
-4.31602e+008
-4.31602e+008
-4.31602e+008
-4.31602e+008
-4.31602e+008
-4.31602e+008
-4.31602e+008
-4.31602e+008
-4.31602e+008
-4.31602e+008
-4.31602e+008
-4.31602e+008
-4.31602e+008
-4.31602e+008
-4.31602e+008
-4.31602e+008
-4.31602e+008
-4.31602e+008
-4.31602e+008
-4.31602e+008
-4.31602e+008
-4.31602e+008
-4.31602e+008
-4.31602e+008
-4.31602e+008
-4.31602e+008
-4.31602e+008
-4.31602e+008
-4.31602e+008
-4.31602e+008
-4.31602e+008
-4.31602e+008
-4.31602e+008
-4.31602e+008
-4.31602e+008
-4.31602e+008
-4.31602e+008
-4.31602e+008
-4.31602e+008
-4.31602e+008
-4.31602e+008
-4.31602e+008
-4.31602e+008
-4.31602e+008
-4.31602e+008
-4.31602e+008
-4.31602e+008
-4.31602e+008
-4.31602e+008
-4.31602e+008
-4.31602e+008
-4.31602e+008
-4.31602e+008
-4.31602e+008
-4.31602e+008
-4.31602e+008
-4.31602e+008
-4.31602e+008
-4.31602e+008
-4.31602e+008
-4.31602e+008
-4.31602e+008
-4.31602e+008
-4.31602e+008
-4.31602e+008
-4.31602e+008
-4.31602e+008
-4.31602e+008
-4.31602e+008
-4.31602e+008
-4.31602e+008
-4.31602e+008
-4.31602e+008
-4.31602e+008
-4.31602e+008
-4.31602e+008
-4.31602e+008
-4.31602e+008
-4.31602e+008
-4.31602e+008
-4.31602e+008
-4.31602e+008
-4.31602e+008
-4.31602e+008
-4.31602e+008
-4.31602e+008
-4.31602e+008
-4.31602e+008
-4.31602e+008
-4.31602e+008
-4.31602e+008
-4.31602e+008
-4.31602e+008
-4.31602e+008
-4.31602e+008
-4.31602e+008
-4.31602e+008
-4.31602e+008
-4.31602e+008
-4.31602e+008
-4.31602e+008
-4.31602e+008
-4.31602e+008
-4.31602e+008
-4.31602e+008
-4.31602e+008
-4.31602e+008
-4.31602e+008
-4.31602e+008
-4.31602e+008
-4.31602e+008
-4.31602e+008
-4.31602e+008
-4.31602e+008
-4.31602e+008
-4.31602e+008
-4.31602e+008
-4.31602e+008
-4.31602e+008
-4.31602e+008
-4.31602e+008
-4.31602e+008
-4.31602e+008
-4.31602e+008
-4.31602e+008
-4.31602e+008
-4.31602e+008
-4.31602e+008
-4.31602e+008
-4.31602e+008
-4.31602e+008
-4.31602e+008
-4.31602e+008
-4.31602e+008
-4.31602e+008
-4.31602e+008
-4.31602e+008
-4.31602e+008
-4.31602e+008
-4.31602e+008
-4.31602e+008
-4.31602e+008
-4.31602e+008
-4.31602e+008
-4.31602e+008
-4.31602e+008
-4.31602e+008
-4.31602e+008
-4.31602e+008
-4.31602e+008
-4.31602e+008
-4.31602e+008
-4.31602e+008
-4.31602e+008
-4.31602e+008
-4.31602e+008
-4.31602e+008
-4.31602e+008
-4.31602e+008
-4.31602e+008
-4.31602e+008
-4.31602e+008
-4.31602e+008
-4.31602e+008
-4.31602e+008
-4.31602e+008
-4.31602e+008
-4.31602e+008
-4.31602e+008
-4.31602e+008
-4.31602e+008
-4.31602e+008
-4.31602e+008
-4.31602e+008
-4.31602e+008
-4.31602e+008
-4.31602e+008
-4.31602e+008
-4.31602e+008
-4.31602e+008
-4.31602e+008
-4.31602e+008
-4.31602e+008
-4.31602e+008
-4.31602e+008
-4.31602e+008
-4.31602e+008
-4.31602e+008
-4.31602e+008
-4.31602e+008
-4.31602e+008
-4.31602e+008
-4.31602e+008
-4.31602e+008
-4.31602e+008
-4.31602e+008
-4.31602e+008
-4.31602e+008
-4.31602e+008
-4.31602e+008
-4.31602e+008
-4.31602e+008
-4.31602e+008
-4.31602e+008
-4.31602e+008
-4.31602e+008
-4.31602e+008
-4.31602e+008
-4.31602e+008
-4.31602e+008
-4.31602e+008
-4.31602e+008
-4.31602e+008
-4.31602e+008
-4.31602e+008
-4.31602e+008
-4.31602e+008
-4.31602e+008
-4.31602e+008
-4.31602e+008
-4.31602e+008
-4.31602e+008
-4.31602e+008
-4.31602e+008
-4.31602e+008
-4.31602e+008
-4.31602e+008
-4.31602e+008
-4.31602e+008
-4.31602e+008
-4.31602e+008
-4.31602e+008
-4.31602e+008
-4.31602e+008
-4.31602e+008
-4.31602e+008
-4.31602e+008
-4.31602e+008
-4.31602e+008
-4.31602e+008
-4.31602e+008
-4.31602e+008
-4.31602e+008
-4.31602e+008
-4.31602e+008
-4.31602e+008
-4.31602e+008
-4.31602e+008
-4.31602e+008
-4.31602e+008
-4.31602e+008
-4.31602e+008
-4.31602e+008
-4.31602e+008
-4.31602e+008
-4.31602e+008
-4.31602e+008
-4.31602e+008
-4.31602e+008
-4.31602e+008
-4.31602e+008
-4.31602e+008
-4.31602e+008
-4.31602e+008
-4.31602e+008
-4.31602e+008
-4.31602e+008
-4.31602e+008
-4.31602e+008
-4.31602e+008
-4.31602e+008
-4.31602e+008
-4.31602e+008
-4.31602e+008
-4.31602e+008
-4.31602e+008
-4.31602e+008
-4.31602e+008
-4.31602e+008
-4.31602e+008
-4.31602e+008
-4.31602e+008
-4.31602e+008
-4.31602e+008
-4.31602e+008
-4.31602e+008
-4.31602e+008
-4.31602e+008
-4.31602e+008
-4.31602e+008
-4.31602e+008
-4.31602e+008
-4.31602e+008
-4.31602e+008
-4.31602e+008
-4.31602e+008
-4.31602e+008
-4.31602e+008
-4.31602e+008
-4.31602e+008
-4.31602e+008
-4.31602e+008
-4.31602e+008
-4.31602e+008
-4.31602e+008
-4.31602e+008
-4.31602e+008
-4.31602e+008
-4.31602e+008
-4.31602e+008
-4.31602e+008
-4.31602e+008
-4.31602e+008
-4.31602e+008
-4.31602e+008
-4.31602e+008
-4.31602e+008
-4.31602e+008
-4.31602e+008
-4.31602e+008
-4.31602e+008
-4.31602e+008
-4.31602e+008
-4.31602e+008
-4.31602e+008
-4.31602e+008
-4.31602e+008
-4.31602e+008
-4.31602e+008
-4.31602e+008
-4.31602e+008
-4.31602e+008
-4.31602e+008
-4.31602e+008
-4.31602e+008
-4.31602e+008
-4.31602e+008
-4.31602e+008
-4.31602e+008
-4.31602e+008
-4.31602e+008
-4.31602e+008
-4.31602e+008
-4.31602e+008
-4.31602e+008
-4.31602e+008
-4.31602e+008
-4.31602e+008
-4.31602e+008
-4.31602e+008
-4.31602e+008
-4.31602e+008
-4.31602e+008
-4.31602e+008
-4.31602e+008
-4.31602e+008
-4.31602e+008
-4.31602e+008
-4.31602e+008
-4.31602e+008
-4.31602e+008
-4.31602e+008
-4.31602e+008
-4.31602e+008
-4.31602e+008
-4.31602e+008
-4.31602e+008
-4.31602e+008
-4.31602e+008
-4.31602e+008
-4.31602e+008
-4.31602e+008
-4.31602e+008
-4.31602e+008
-4.31602e+008
-4.31602e+008
-4.31602e+008
-4.31602e+008
-4.31602e+008
-4.31602e+008
-4.31602e+008
-4.31602e+008
-4.31602e+008
-4.31602e+008
-4.31602e+008
-4.31602e+008
-4.31602e+008
-4.31602e+008
-4.31602e+008
-4.31602e+008
-4.31602e+008
-4.31602e+008
-4.31602e+008
-4.31602e+008
-4.31602e+008
-4.31602e+008
-4.31602e+008
-4.31602e+008
-4.31602e+008
-4.31602e+008
-4.31602e+008
-4.31602e+008
-4.31602e+008
-4.31602e+008
-4.31602e+008
-4.31602e+008
-4.31602e+008
-4.31602e+008
-4.31602e+008
-4.31602e+008
-4.31602e+008
-4.31602e+008
-4.31602e+008
-4.31602e+008
-4.31602e+008
-4.31602e+008
-4.31602e+008
-4.31602e+008
-4.31602e+008
-4.31602e+008
-4.31602e+008
-4.31602e+008
-4.31602e+008
-4.31602e+008
-4.31602e+008
-4.31602e+008
-4.31602e+008
-4.31602e+008
-4.31602e+008
-4.31602e+008
-4.31602e+008
-4.31602e+008
-4.31602e+008
-4.31602e+008
-4.31602e+008
-4.31602e+008
-4.31602e+008
-4.31602e+008
-4.31602e+008
-4.31602e+008
-4.31602e+008
-4.31602e+008
-4.31602e+008
-4.31602e+008
-4.31602e+008
-4.31602e+008
-4.31602e+008
-4.31602e+008
-4.31602e+008
-4.31602e+008
-4.31602e+008
-4.31602e+008
-4.31602e+008
-4.31602e+008
-4.31602e+008
-4.31602e+008
-4.31602e+008
-4.31602e+008
-4.31602e+008
-4.31602e+008
-4.31602e+008
-4.31602e+008
-4.31602e+008
-4.31602e+008
-4.31602e+008
-4.31602e+008
-4.31602e+008
-4.31602e+008
-4.31602e+008
-4.31602e+008
-4.31602e+008
-4.31602e+008
-4.31602e+008
-4.31602e+008
-4.31602e+008
-4.31602e+008
-4.31602e+008
-4.31602e+008
-4.31602e+008
-4.31602e+008
-4.31602e+008
-4.31602e+008
-4.31602e+008
-4.31602e+008
-4.31602e+008
-4.31602e+008
-4.31602e+008
-4.31602e+008
-4.31602e+008
-4.31602e+008
-4.31602e+008
-4.31602e+008
-4.31602e+008
-4.31602e+008
-4.31602e+008
-4.31602e+008
-4.31602e+008
-4.31602e+008
-4.31602e+008
-4.31602e+008
-4.31602e+008
-4.31602e+008
-4.31602e+008
-4.31602e+008
-4.31602e+008
-4.31602e+008
-4.31602e+008
-4.31602e+008
-4.31602e+008
-4.31602e+008
-4.31602e+008
-4.31602e+008
-4.31602e+008
-4.31602e+008
-4.31602e+008
-4.31602e+008
-4.31602e+008
-4.31602e+008
-4.31602e+008
-4.31602e+008
-4.31602e+008
-4.31602e+008
-4.31602e+008
-4.31602e+008
-4.31602e+008
-4.31602e+008
-4.31602e+008
-4.31602e+008
-4.31602e+008
-4.31602e+008
-4.31602e+008
-4.31602e+008
-4.31602e+008
-4.31602e+008
-4.31602e+008
-4.31602e+008
-4.31602e+008
-4.31602e+008
-4.31602e+008
-4.31602e+008
-4.31602e+008
-4.31602e+008
-4.31602e+008
-4.31602e+008
-4.31602e+008
-4.31602e+008
-4.31602e+008
-4.31602e+008
-4.31602e+008
-4.31602e+008
-4.31602e+008
-4.31602e+008
-4.31602e+008
-4.31602e+008
-4.31602e+008
-4.31602e+008
-4.31602e+008
-4.31602e+008
-4.31602e+008
-4.31602e+008
-4.31602e+008
-4.31602e+008
-4.31602e+008
-4.31602e+008
-4.31602e+008
-4.31602e+008
-4.31602e+008
-4.31602e+008
-4.31602e+008
-4.31602e+008
-4.31602e+008
-4.31602e+008
-4.31602e+008
-4.31602e+008
-4.31602e+008
-4.31602e+008
-4.31602e+008
-4.31602e+008
-4.31602e+008
-4.31602e+008
-4.31602e+008
-4.31602e+008
-4.31602e+008
-4.31602e+008
-4.31602e+008
-4.31602e+008
-4.31602e+008
-4.31602e+008
-4.31602e+008
-4.31602e+008
-4.31602e+008
-4.31602e+008
-4.31602e+008
-4.31602e+008
-4.31602e+008
-4.31602e+008
-4.31602e+008
-4.31602e+008
-4.31602e+008
-4.31602e+008
-4.31602e+008
-4.31602e+008
-4.31602e+008
-4.31602e+008
-4.31602e+008
-4.31602e+008
-4.31602e+008
-4.31602e+008
-4.31602e+008
-4.31602e+008
-4.31602e+008
-4.31602e+008
-4.31602e+008
-4.31602e+008
-4.31602e+008
-4.31602e+008
-4.31602e+008
-4.31602e+008
-4.31602e+008
-4.31602e+008
-4.31602e+008
-4.31602e+008
-4.31602e+008
-4.31602e+008
-4.31602e+008
-4.31602e+008
-4.31602e+008
-4.31602e+008
-4.31602e+008
-4.31602e+008
-4.31602e+008
-4.31602e+008
-4.31602e+008
-4.31602e+008
-4.31602e+008
-4.31602e+008
-4.31602e+008
-4.31602e+008
-4.31602e+008
-4.31602e+008
-4.31602e+008
-4.31602e+008
-4.31602e+008
-4.31602e+008
-4.31602e+008
-4.31602e+008
-4.31602e+008
-4.31602e+008
-4.31602e+008
-4.31602e+008
-4.31602e+008
-4.31602e+008
-4.31602e+008
-4.31602e+008
-4.31602e+008
-4.31602e+008
-4.31602e+008
-4.31602e+008
-4.31602e+008
-4.31602e+008
-4.31602e+008
-4.31602e+008
-4.31602e+008
-4.31602e+008
-4.31602e+008
-4.31602e+008
-4.31602e+008
-4.31602e+008
-4.31602e+008
-4.31602e+008
-4.31602e+008
-4.31602e+008
-4.31602e+008
-4.31602e+008
-4.31602e+008
-4.31602e+008
-4.31602e+008
-4.31602e+008
-4.31602e+008
-4.31602e+008
-4.31602e+008
-4.31602e+008
-4.31602e+008
-4.31602e+008
-4.31602e+008
-4.31602e+008
-4.31602e+008
-4.31602e+008
-4.31602e+008
-4.31602e+008
-4.31602e+008
-4.31602e+008
-4.31602e+008
-4.31602e+008
-4.31602e+008
-4.31602e+008
-4.31602e+008
-4.31602e+008
-4.31602e+008
-4.31602e+008
-4.31602e+008
-4.31602e+008
-4.31602e+008
-4.31602e+008
-4.31602e+008
-4.31602e+008
-4.31602e+008
-4.31602e+008
-4.31602e+008
-4.31602e+008
-4.31602e+008
-4.31602e+008
-4.31602e+008
-4.31602e+008
-4.31602e+008
-4.31602e+008
-4.31602e+008
-4.31602e+008
-4.31602e+008
-4.31602e+008
-4.31602e+008
-4.31602e+008
-4.31602e+008
-4.31602e+008
-4.31602e+008
-4.31602e+008
-4.31602e+008
-4.31602e+008
-4.31602e+008
-4.31602e+008
-4.31602e+008
-4.31602e+008
-4.31602e+008
-4.31602e+008
-4.31602e+008
-4.31602e+008
-4.31602e+008
-4.31602e+008
-4.31602e+008
-4.31602e+008
-4.31602e+008
-4.31602e+008
-4.31602e+008
-4.31602e+008
-4.31602e+008
-4.31602e+008
-4.31602e+008
-4.31602e+008
-4.31602e+008
-4.31602e+008
-4.31602e+008
-4.31602e+008
-4.31602e+008
-4.31602e+008
-4.31602e+008
-4.31602e+008
-4.31602e+008
-4.31602e+008
-4.31602e+008
-4.31602e+008
-4.31602e+008
-4.31602e+008
-4.31602e+008
-4.31602e+008
-4.31602e+008
-4.31602e+008
-4.31602e+008
-4.31602e+008
-4.31602e+008
-4.31602e+008
-4.31602e+008
-4.31602e+008
-4.31602e+008
-4.31602e+008
-4.31602e+008
-4.31602e+008
-4.31602e+008
-4.31602e+008
-4.31602e+008
-4.31602e+008
-4.31602e+008
-4.31602e+008
-4.31602e+008
-4.31602e+008
-4.31602e+008
-4.31602e+008
-4.31602e+008
-4.31602e+008
-4.31602e+008
-4.31602e+008
-4.31602e+008
-4.31602e+008
-4.31602e+008
-4.31602e+008
-4.31602e+008
-4.31602e+008
-4.31602e+008
-4.31602e+008
-4.31602e+008
